0 0.6455026455026455 0.3101503759398496 0.12698412698412698 0.14661654135338345
0 0.5396825396825397 0.5112781954887218 0.25396825396825395 0.13533834586466165
0 0.3386243386243386 0.7763157894736842 0.14814814814814814 0.07142857142857142
0 0.2804232804232804 0.6447368421052632 0.13756613756613756 0.10150375939849623
0 0.15343915343915343 0.4868421052631579 0.15873015873015872 0.09398496240601503
0 0.2724867724867725 0.16729323308270677 0.24867724867724866 0.11654135338345864
0 0.6481481481481481 0.10902255639097744 0.164021164021164 0.10526315789473684
0 0.9047619047619048 0.36654135338345867 0.19047619047619047 0.10150375939849623
0 0.9021164021164021 0.4943609022556391 0.19576719576719576 0.12406015037593984
0 0.9285714285714286 0.849624060150376 0.14285714285714285 0.12781954887218044
0 0.5396825396825397 0.7293233082706767 0.2751322751322751 0.09774436090225563
