0 0.40692307692307694 0.2831765935214211 0.10461538461538461 0.2173458725182863
0 0.5646153846153846 0.48171368861024033 0.1 0.19435736677115986
0 0.6715384615384615 0.8343782654127482 0.10923076923076923 0.14733542319749215
0 0.8123076923076923 0.7831765935214211 0.12923076923076923 0.2497387669801463
0 0.9426923076923077 0.6123301985370951 0.11461538461538462 0.2988505747126437
0 0.1473076923076923 0.8202716823406478 0.10538461538461538 0.17763845350052246
0 0.22423076923076923 0.44096133751306166 0.1176923076923077 0.30929989550679204
0 0.1976923076923077 0.16562173458725182 0.1123076923076923 0.2309299895506792
0 0.6511538461538462 0.2304075235109718 0.09307692307692307 0.09299895506792058
0 0.8146153846153846 0.5538140020898642 0.11846153846153847 0.13793103448275862
0 0.6838461538461539 0.5903866248693835 0.09692307692307692 0.16300940438871472
0 0.8388461538461538 0.28422152560083597 0.09769230769230769 0.15464994775339602
