0 0.5918518518518519 0.76 0.06962962962962962 0.1111111111111111
0 0.14148148148148149 0.8011111111111111 0.0637037037037037 0.10444444444444445
0 0.18592592592592594 0.8444444444444444 0.08148148148148149 0.06666666666666667
0 0.24962962962962962 0.8455555555555555 0.09333333333333334 0.10888888888888888
0 0.44814814814814813 0.8422222222222222 0.1111111111111111 0.1111111111111111
0 0.4985185185185185 0.9422222222222222 0.11407407407407408 0.08
0 0.38592592592592595 0.9611111111111111 0.07555555555555556 0.06888888888888889
0 0.09555555555555556 0.9611111111111111 0.07851851851851852 0.07777777777777778
0 0.03925925925925926 0.8755555555555555 0.06074074074074074 0.09333333333333334
0 0.04148148148148148 0.7333333333333333 0.08296296296296296 0.057777777777777775
0 0.12 0.6355555555555555 0.06814814814814815 0.06222222222222222
0 0.12666666666666668 0.4677777777777778 0.08148148148148149 0.06
0 0.2222222222222222 0.4033333333333333 0.035555555555555556 0.09555555555555556
0 0.21185185185185185 0.5544444444444444 0.05037037037037037 0.10888888888888888
0 0.8703703703703703 0.6588888888888889 0.0874074074074074 0.09111111111111111
0 0.8348148148148148 0.7911111111111111 0.0725925925925926 0.08
0 0.9540740740740741 0.88 0.09185185185185185 0.06666666666666667
0 0.7266666666666667 0.8611111111111112 0.0874074074074074 0.12666666666666668
0 0.7607407407407407 0.5333333333333333 0.0637037037037037 0.06666666666666667
0 0.6348148148148148 0.3888888888888889 0.06074074074074074 0.044444444444444446
0 0.5822222222222222 0.2388888888888889 0.05925925925925926 0.04666666666666667
